Rows: 20
Colums: 30
111111111111111111111111111111
100000000000000000000000000001
100000000000000000000000000001
111111110000000000000000000001
100000000000000000011111111001
100000000000000000000000000001
100000000000000000000000000001
111111111111111111100000000001
100000000000000000000000000001
100000000000000000000000000001
100000000000000000000000000001
100000000111111111111111100001
100000000000000000000000000001
100000000000000000000000000001
100000000000000000000000000001
100000000000000000000000000001
100011111111111100000000000001
100000000000000000000000000001
100000000000000000000000000001
111111111111111111111111111111